 set term postscript eps enhanced color
 set output '12C_on_28Si.eps'
 set title 'Differential cross section'
 set xlabel '{/Symbol q}_{cm} (degree)'
 set ylabel '(d{/Symbol s} / d{/Symbol W}) / (d{/Symbol s}_c / d{/Symbol W})'
 set label '^{12}C + ^{28}Si' at 20, 0.7
 set label 'E_{lab} = 131.5 MeV' at 20,0.2
 unset key
 set size 0.8, 0.8
 set logscale y
 set xrange[0:50]
 set yrange[0.000001:2]
 set format y "10^{%L}"
 set size ratio 1.5
 plot 'experiment.dat'using 1:2:($2*$3/100.0) \
  with yerrorbars 12,'-' with line 1
    0.200   0.99925184
    0.400   0.99749328
    0.600   1.00583593
    0.800   0.99723244
    1.000   0.98512560
    1.200   1.00720841
    1.400   1.02854198
    1.600   1.01896427
    1.800   0.98865348
    2.000   0.96330098
    2.200   0.95750153
    2.400   0.96910883
    2.600   0.98742650
    2.800   1.00302913
    3.000   1.01276966
    3.200   1.01946986
    3.400   1.02864521
    3.600   1.04487606
    3.800   1.06947140
    4.000   1.09992558
    4.200   1.13085237
    4.400   1.15570918
    4.600   1.16860780
    4.800   1.16569687
    5.000   1.14585969
    5.200   1.11070577
    5.400   1.06400007
    5.600   1.01075740
    5.800   0.95624227
    6.000   0.90507659
    6.200   0.86059286
    6.400   0.82449767
    6.600   0.79684526
    6.800   0.77627109
    7.000   0.76040533
    7.200   0.74637485
    7.400   0.73130665
    7.600   0.71276146
    7.800   0.68904869
    8.000   0.65939796
    8.200   0.62398566
    8.400   0.58383349
    8.600   0.54060949
    8.800   0.49636903
    9.000   0.45327522
    9.200   0.41333453
    9.400   0.37817690
    9.600   0.34890042
    9.800   0.32599076
   10.000   0.30931594
   10.200   0.29818886
   10.400   0.29148348
   10.600   0.28778670
   10.800   0.28556628
   11.000   0.28333573
   11.200   0.27979948
   11.400   0.27396564
   11.600   0.26521808
   11.800   0.25334457
   12.000   0.23852257
   12.200   0.22126778
   12.400   0.20235425
   12.600   0.18271634
   12.800   0.16334355
   13.000   0.14517910
   13.200   0.12903148
   13.400   0.11550625
   13.600   0.10496256
   13.800   0.09749652
   14.000   0.09295041
   14.200   0.09094467
   14.400   0.09092781
   14.600   0.09223801
   14.800   0.09416990
   15.000   0.09603984
   15.200   0.09724407
   15.400   0.09730509
   15.600   0.09590296
   15.800   0.09289026
   16.000   0.08829052
   16.200   0.08228188
   16.400   0.07516850
   16.600   0.06734340
   16.800   0.05924664
   17.000   0.05132289
   17.200   0.04398213
   17.400   0.03756665
   17.600   0.03232655
   17.800   0.02840523
   18.000   0.02583516
   18.200   0.02454352
   18.400   0.02436620
   18.600   0.02506847
   18.800   0.02636982
   19.000   0.02797056
   19.200   0.02957784
   19.400   0.03092893
   19.600   0.03181001
   19.800   0.03206934
   20.000   0.03162422
   20.200   0.03046165
   20.400   0.02863327
   20.600   0.02624544
   20.800   0.02344570
   21.000   0.02040714
   21.200   0.01731200
   21.400   0.01433601
   21.600   0.01163469
   21.800   0.00933244
   22.000   0.00751512
   22.200   0.00622642
   22.400   0.00546791
   22.600   0.00520245
   22.800   0.00536039
   23.000   0.00584778
   23.200   0.00655576
   23.400   0.00737028
   23.600   0.00818135
   23.800   0.00889110
   24.000   0.00942015
   24.200   0.00971200
   24.400   0.00973517
   24.600   0.00948321
   24.800   0.00897283
   25.000   0.00824038
   25.200   0.00733713
   25.400   0.00632391
   25.600   0.00526552
   25.800   0.00422535
   26.000   0.00326067
   26.200   0.00241882
   26.400   0.00173453
   26.600   0.00122849
   26.800   0.00090706
   27.000   0.00076318
   27.200   0.00077810
   27.400   0.00092393
   27.600   0.00116649
   27.800   0.00146849
   28.000   0.00179250
   28.200   0.00210370
   28.400   0.00237218
   28.600   0.00257455
   28.800   0.00269503
   29.000   0.00272577
   29.200   0.00266660
   29.400   0.00252426
   29.600   0.00231116
   29.800   0.00204388
   30.000   0.00174154
   30.200   0.00142413
   30.400   0.00111096
   30.600   0.00081932
   30.800   0.00056347
   31.000   0.00035388
   31.200   0.00019690
   31.400   0.00009475
   31.600   0.00004574
   31.800   0.00004486
   32.000   0.00008442
   32.200   0.00015495
   32.400   0.00024597
   32.600   0.00034689
   32.800   0.00044772
   33.000   0.00053969
   33.200   0.00061574
   33.400   0.00067075
   33.600   0.00070174
   33.800   0.00070776
   34.000   0.00068974
   34.200   0.00065022
   34.400   0.00059295
   34.600   0.00052252
   34.800   0.00044395
   35.000   0.00036226
   35.200   0.00028220
   35.400   0.00020788
   35.600   0.00014265
   35.800   0.00008892
   36.000   0.00004812
   36.200   0.00002072
   36.400   0.00000631
   36.600   0.00000375
   36.800   0.00001129
   37.000   0.00002680
   37.200   0.00004791
   37.400   0.00007221
   37.600   0.00009742
   37.800   0.00012147
   38.000   0.00014266
   38.200   0.00015970
   38.400   0.00017170
   38.600   0.00017825
   38.800   0.00017930
   39.000   0.00017517
   39.200   0.00016648
   39.400   0.00015404
   39.600   0.00013878
   39.800   0.00012171
   40.000   0.00010382
   40.200   0.00008601
   40.400   0.00006911
   40.600   0.00005377
   40.800   0.00004048
   41.000   0.00002959
   41.200   0.00002127
   41.400   0.00001553
   41.600   0.00001227
   41.800   0.00001128
   42.000   0.00001227
   42.200   0.00001487
   42.400   0.00001871
   42.600   0.00002337
   42.800   0.00002847
   43.000   0.00003363
   43.200   0.00003852
   43.400   0.00004285
   43.600   0.00004640
   43.800   0.00004900
   44.000   0.00005053
   44.200   0.00005095
   44.400   0.00005028
   44.600   0.00004857
   44.800   0.00004595
   45.000   0.00004255
   45.200   0.00003856
   45.400   0.00003417
   45.600   0.00002957
   45.800   0.00002496
   46.000   0.00002053
   46.200   0.00001645
   46.400   0.00001284
   46.600   0.00000983
   46.800   0.00000749
   47.000   0.00000585
   47.200   0.00000493
   47.400   0.00000469
   47.600   0.00000507
   47.800   0.00000600
   48.000   0.00000737
   48.200   0.00000904
   48.400   0.00001091
   48.600   0.00001282
   48.800   0.00001466
   49.000   0.00001630
   49.200   0.00001764
   49.400   0.00001861
   49.600   0.00001914
   49.800   0.00001921
   50.000   0.00001882
   50.200   0.00001799
   50.400   0.00001677
   50.600   0.00001523
   50.800   0.00001346
   51.000   0.00001154
   51.200   0.00000958
   51.400   0.00000767
   51.600   0.00000589
   51.800   0.00000433
   52.000   0.00000303
   52.200   0.00000205
   52.400   0.00000139
   52.600   0.00000107
   52.800   0.00000106
   53.000   0.00000133
   53.200   0.00000184
   53.400   0.00000253
   53.600   0.00000334
   53.800   0.00000421
   54.000   0.00000509
   54.200   0.00000590
   54.400   0.00000662
   54.600   0.00000718
   54.800   0.00000757
   55.000   0.00000777
   55.200   0.00000776
   55.400   0.00000755
   55.600   0.00000716
   55.800   0.00000661
   56.000   0.00000592
   56.200   0.00000515
   56.400   0.00000432
   56.600   0.00000348
   56.800   0.00000268
   57.000   0.00000195
   57.200   0.00000132
   57.400   0.00000081
   57.600   0.00000045
   57.800   0.00000023
   58.000   0.00000017
   58.200   0.00000024
   58.400   0.00000042
   58.600   0.00000070
   58.800   0.00000105
   59.000   0.00000143
   59.200   0.00000182
   59.400   0.00000220
   59.600   0.00000253
   59.800   0.00000280
   60.000   0.00000299
   60.200   0.00000310
   60.400   0.00000313
   60.600   0.00000307
   60.800   0.00000294
   61.000   0.00000274
   61.200   0.00000249
   61.400   0.00000219
   61.600   0.00000187
   61.800   0.00000154
   62.000   0.00000122
   62.200   0.00000091
   62.400   0.00000064
   62.600   0.00000040
   62.800   0.00000022
   63.000   0.00000009
   63.200   0.00000002
   63.400   0.00000001
   63.600   0.00000004
   63.800   0.00000013
   64.000   0.00000025
   64.200   0.00000040
   64.400   0.00000056
   64.600   0.00000073
   64.800   0.00000090
   65.000   0.00000104
   65.200   0.00000116
   65.400   0.00000125
   65.600   0.00000131
   65.800   0.00000132
   66.000   0.00000130
   66.200   0.00000125
   66.400   0.00000116
   66.600   0.00000106
   66.800   0.00000093
   67.000   0.00000080
   67.200   0.00000066
   67.400   0.00000052
   67.600   0.00000039
   67.800   0.00000027
   68.000   0.00000017
   68.200   0.00000010
   68.400   0.00000004
   68.600   0.00000001
   68.800   0.00000001
   69.000   0.00000002
   69.200   0.00000006
   69.400   0.00000011
   69.600   0.00000018
   69.800   0.00000026
   70.000   0.00000034
   70.200   0.00000043
   70.400   0.00000050
   70.600   0.00000057
   70.800   0.00000062
   71.000   0.00000065
   71.200   0.00000066
   71.400   0.00000066
   71.600   0.00000063
   71.800   0.00000059
   72.000   0.00000054
   72.200   0.00000047
   72.400   0.00000040
   72.600   0.00000033
   72.800   0.00000026
   73.000   0.00000019
   73.200   0.00000014
   73.400   0.00000010
   73.600   0.00000006
   73.800   0.00000004
   74.000   0.00000004
   74.200   0.00000004
   74.400   0.00000006
   74.600   0.00000008
   74.800   0.00000010
   75.000   0.00000013
   75.200   0.00000017
   75.400   0.00000020
   75.600   0.00000022
   75.800   0.00000025
   76.000   0.00000026
   76.200   0.00000028
   76.400   0.00000029
   76.600   0.00000029
   76.800   0.00000028
   77.000   0.00000028
   77.200   0.00000026
   77.400   0.00000025
   77.600   0.00000023
   77.800   0.00000021
   78.000   0.00000019
   78.200   0.00000016
   78.400   0.00000014
   78.600   0.00000012
   78.800   0.00000011
   79.000   0.00000009
   79.200   0.00000008
   79.400   0.00000008
   79.600   0.00000008
   79.800   0.00000008
   80.000   0.00000008
   80.200   0.00000009
   80.400   0.00000010
   80.600   0.00000011
   80.800   0.00000012
   81.000   0.00000014
   81.200   0.00000015
   81.400   0.00000016
   81.600   0.00000017
   81.800   0.00000018
   82.000   0.00000019
   82.200   0.00000019
   82.400   0.00000019
   82.600   0.00000019
   82.800   0.00000018
   83.000   0.00000017
   83.200   0.00000016
   83.400   0.00000014
   83.600   0.00000013
   83.800   0.00000011
   84.000   0.00000009
   84.200   0.00000008
   84.400   0.00000007
   84.600   0.00000006
   84.800   0.00000005
   85.000   0.00000004
   85.200   0.00000004
   85.400   0.00000004
   85.600   0.00000005
   85.800   0.00000005
   86.000   0.00000006
   86.200   0.00000008
   86.400   0.00000009
   86.600   0.00000011
   86.800   0.00000012
   87.000   0.00000014
   87.200   0.00000015
   87.400   0.00000016
   87.600   0.00000016
   87.800   0.00000016
   88.000   0.00000016
   88.200   0.00000016
   88.400   0.00000015
   88.600   0.00000014
   88.800   0.00000012
   89.000   0.00000011
   89.200   0.00000010
   89.400   0.00000008
   89.600   0.00000007
   89.800   0.00000006
   90.000   0.00000006
   90.200   0.00000005
   90.400   0.00000005
   90.600   0.00000005
   90.800   0.00000006
   91.000   0.00000006
   91.200   0.00000007
   91.400   0.00000008
   91.600   0.00000009
   91.800   0.00000009
   92.000   0.00000010
   92.200   0.00000010
   92.400   0.00000010
   92.600   0.00000010
   92.800   0.00000009
   93.000   0.00000009
   93.200   0.00000008
   93.400   0.00000008
   93.600   0.00000007
   93.800   0.00000006
   94.000   0.00000005
   94.200   0.00000005
   94.400   0.00000004
   94.600   0.00000004
   94.800   0.00000004
   95.000   0.00000004
   95.200   0.00000004
   95.400   0.00000004
   95.600   0.00000004
   95.800   0.00000004
   96.000   0.00000005
   96.200   0.00000006
   96.400   0.00000006
   96.600   0.00000007
   96.800   0.00000008
   97.000   0.00000008
   97.200   0.00000009
   97.400   0.00000009
   97.600   0.00000010
   97.800   0.00000010
   98.000   0.00000010
   98.200   0.00000009
   98.400   0.00000009
   98.600   0.00000009
   98.800   0.00000008
   99.000   0.00000008
   99.200   0.00000007
   99.400   0.00000007
   99.600   0.00000006
   99.800   0.00000006
  100.000   0.00000006
  100.200   0.00000006
  100.400   0.00000006
  100.600   0.00000006
  100.800   0.00000006
  101.000   0.00000006
  101.200   0.00000006
  101.400   0.00000006
  101.600   0.00000006
  101.800   0.00000006
  102.000   0.00000006
  102.200   0.00000006
  102.400   0.00000006
  102.600   0.00000005
  102.800   0.00000005
  103.000   0.00000004
  103.200   0.00000004
  103.400   0.00000004
  103.600   0.00000003
  103.800   0.00000003
  104.000   0.00000003
  104.200   0.00000003
  104.400   0.00000002
  104.600   0.00000002
  104.800   0.00000002
  105.000   0.00000002
  105.200   0.00000003
  105.400   0.00000003
  105.600   0.00000003
  105.800   0.00000003
  106.000   0.00000004
  106.200   0.00000004
  106.400   0.00000004
  106.600   0.00000005
  106.800   0.00000005
  107.000   0.00000005
  107.200   0.00000006
  107.400   0.00000006
  107.600   0.00000006
  107.800   0.00000007
  108.000   0.00000007
  108.200   0.00000007
  108.400   0.00000007
  108.600   0.00000007
  108.800   0.00000007
  109.000   0.00000007
  109.200   0.00000007
  109.400   0.00000007
  109.600   0.00000006
  109.800   0.00000006
  110.000   0.00000006
  110.200   0.00000006
  110.400   0.00000006
  110.600   0.00000006
  110.800   0.00000006
  111.000   0.00000006
  111.200   0.00000006
  111.400   0.00000006
  111.600   0.00000006
  111.800   0.00000006
  112.000   0.00000006
  112.200   0.00000006
  112.400   0.00000006
  112.600   0.00000006
  112.800   0.00000005
  113.000   0.00000005
  113.200   0.00000004
  113.400   0.00000004
  113.600   0.00000004
  113.800   0.00000003
  114.000   0.00000003
  114.200   0.00000003
  114.400   0.00000002
  114.600   0.00000002
  114.800   0.00000002
  115.000   0.00000002
  115.200   0.00000002
  115.400   0.00000001
  115.600   0.00000001
  115.800   0.00000001
  116.000   0.00000001
  116.200   0.00000001
  116.400   0.00000001
  116.600   0.00000001
  116.800   0.00000001
  117.000   0.00000002
  117.200   0.00000002
  117.400   0.00000002
  117.600   0.00000002
  117.800   0.00000003
  118.000   0.00000003
  118.200   0.00000003
  118.400   0.00000004
  118.600   0.00000004
  118.800   0.00000004
  119.000   0.00000004
  119.200   0.00000005
  119.400   0.00000005
  119.600   0.00000005
  119.800   0.00000005
  120.000   0.00000005
  120.200   0.00000005
  120.400   0.00000005
  120.600   0.00000005
  120.800   0.00000005
  121.000   0.00000006
  121.200   0.00000006
  121.400   0.00000006
  121.600   0.00000006
  121.800   0.00000006
  122.000   0.00000007
  122.200   0.00000007
  122.400   0.00000007
  122.600   0.00000007
  122.800   0.00000007
  123.000   0.00000007
  123.200   0.00000008
  123.400   0.00000008
  123.600   0.00000008
  123.800   0.00000007
  124.000   0.00000007
  124.200   0.00000007
  124.400   0.00000007
  124.600   0.00000007
  124.800   0.00000007
  125.000   0.00000006
  125.200   0.00000006
  125.400   0.00000006
  125.600   0.00000005
  125.800   0.00000005
  126.000   0.00000004
  126.200   0.00000004
  126.400   0.00000004
  126.600   0.00000003
  126.800   0.00000003
  127.000   0.00000003
  127.200   0.00000003
  127.400   0.00000002
  127.600   0.00000002
  127.800   0.00000002
  128.000   0.00000002
  128.200   0.00000002
  128.400   0.00000002
  128.600   0.00000002
  128.800   0.00000001
  129.000   0.00000001
  129.200   0.00000001
  129.400   0.00000001
  129.600   0.00000001
  129.800   0.00000001
  130.000   0.00000001
  130.200   0.00000001
  130.400   0.00000000
  130.600   0.00000000
  130.800   0.00000000
  131.000   0.00000001
  131.200   0.00000001
  131.400   0.00000001
  131.600   0.00000001
  131.800   0.00000001
  132.000   0.00000001
  132.200   0.00000001
  132.400   0.00000001
  132.600   0.00000002
  132.800   0.00000002
  133.000   0.00000002
  133.200   0.00000002
  133.400   0.00000002
  133.600   0.00000003
  133.800   0.00000003
  134.000   0.00000003
  134.200   0.00000003
  134.400   0.00000004
  134.600   0.00000004
  134.800   0.00000004
  135.000   0.00000004
  135.200   0.00000005
  135.400   0.00000005
  135.600   0.00000005
  135.800   0.00000006
  136.000   0.00000006
  136.200   0.00000006
  136.400   0.00000007
  136.600   0.00000007
  136.800   0.00000007
  137.000   0.00000007
  137.200   0.00000007
  137.400   0.00000008
  137.600   0.00000008
  137.800   0.00000008
  138.000   0.00000008
  138.200   0.00000008
  138.400   0.00000008
  138.600   0.00000009
  138.800   0.00000009
  139.000   0.00000009
  139.200   0.00000009
  139.400   0.00000009
  139.600   0.00000009
  139.800   0.00000009
  140.000   0.00000009
  140.200   0.00000008
  140.400   0.00000008
  140.600   0.00000008
  140.800   0.00000008
  141.000   0.00000008
  141.200   0.00000008
  141.400   0.00000008
  141.600   0.00000008
  141.800   0.00000008
  142.000   0.00000007
  142.200   0.00000007
  142.400   0.00000007
  142.600   0.00000007
  142.800   0.00000007
  143.000   0.00000007
  143.200   0.00000007
  143.400   0.00000006
  143.600   0.00000006
  143.800   0.00000006
  144.000   0.00000005
  144.200   0.00000005
  144.400   0.00000005
  144.600   0.00000004
  144.800   0.00000004
  145.000   0.00000004
  145.200   0.00000004
  145.400   0.00000004
  145.600   0.00000003
  145.800   0.00000003
  146.000   0.00000003
  146.200   0.00000003
  146.400   0.00000002
  146.600   0.00000002
  146.800   0.00000002
  147.000   0.00000002
  147.200   0.00000001
  147.400   0.00000001
  147.600   0.00000001
  147.800   0.00000001
  148.000   0.00000001
  148.200   0.00000001
  148.400   0.00000001
  148.600   0.00000001
  148.800   0.00000001
  149.000   0.00000001
  149.200   0.00000000
  149.400   0.00000000
  149.600   0.00000000
  149.800   0.00000000
  150.000   0.00000000
  150.200   0.00000000
  150.400   0.00000000
  150.600   0.00000000
  150.800   0.00000000
  151.000   0.00000000
  151.200   0.00000000
  151.400   0.00000000
  151.600   0.00000000
  151.800   0.00000000
  152.000   0.00000000
  152.200   0.00000000
  152.400   0.00000000
  152.600   0.00000000
  152.800   0.00000000
  153.000   0.00000001
  153.200   0.00000001
  153.400   0.00000001
  153.600   0.00000001
  153.800   0.00000001
  154.000   0.00000001
  154.200   0.00000001
  154.400   0.00000002
  154.600   0.00000002
  154.800   0.00000002
  155.000   0.00000002
  155.200   0.00000002
  155.400   0.00000002
  155.600   0.00000003
  155.800   0.00000003
  156.000   0.00000003
  156.200   0.00000003
  156.400   0.00000003
  156.600   0.00000003
  156.800   0.00000004
  157.000   0.00000004
  157.200   0.00000004
  157.400   0.00000004
  157.600   0.00000004
  157.800   0.00000005
  158.000   0.00000005
  158.200   0.00000005
  158.400   0.00000005
  158.600   0.00000005
  158.800   0.00000005
  159.000   0.00000005
  159.200   0.00000005
  159.400   0.00000006
  159.600   0.00000006
  159.800   0.00000006
  160.000   0.00000006
  160.200   0.00000007
  160.400   0.00000007
  160.600   0.00000007
  160.800   0.00000007
  161.000   0.00000008
  161.200   0.00000008
  161.400   0.00000008
  161.600   0.00000008
  161.800   0.00000008
  162.000   0.00000008
  162.200   0.00000008
  162.400   0.00000008
  162.600   0.00000008
  162.800   0.00000008
  163.000   0.00000008
  163.200   0.00000008
  163.400   0.00000008
  163.600   0.00000008
  163.800   0.00000009
  164.000   0.00000009
  164.200   0.00000009
  164.400   0.00000009
  164.600   0.00000010
  164.800   0.00000010
  165.000   0.00000010
  165.200   0.00000011
  165.400   0.00000011
  165.600   0.00000011
  165.800   0.00000011
  166.000   0.00000011
  166.200   0.00000010
  166.400   0.00000010
  166.600   0.00000010
  166.800   0.00000010
  167.000   0.00000010
  167.200   0.00000010
  167.400   0.00000010
  167.600   0.00000010
  167.800   0.00000010
  168.000   0.00000010
  168.200   0.00000010
  168.400   0.00000011
  168.600   0.00000011
  168.800   0.00000011
  169.000   0.00000011
  169.200   0.00000012
  169.400   0.00000012
  169.600   0.00000012
  169.800   0.00000012
  170.000   0.00000011
  170.200   0.00000011
  170.400   0.00000011
  170.600   0.00000011
  170.800   0.00000011
  171.000   0.00000010
  171.200   0.00000010
  171.400   0.00000010
  171.600   0.00000010
  171.800   0.00000010
  172.000   0.00000011
  172.200   0.00000011
  172.400   0.00000011
  172.600   0.00000011
  172.800   0.00000011
  173.000   0.00000012
  173.200   0.00000012
  173.400   0.00000012
  173.600   0.00000012
  173.800   0.00000012
  174.000   0.00000012
  174.200   0.00000011
  174.400   0.00000011
  174.600   0.00000011
  174.800   0.00000011
  175.000   0.00000011
  175.200   0.00000010
  175.400   0.00000010
  175.600   0.00000010
  175.800   0.00000010
  176.000   0.00000011
  176.200   0.00000011
  176.400   0.00000011
  176.600   0.00000011
  176.800   0.00000011
  177.000   0.00000012
  177.200   0.00000012
  177.400   0.00000012
  177.600   0.00000012
  177.800   0.00000012
  178.000   0.00000012
  178.200   0.00000011
  178.400   0.00000011
  178.600   0.00000011
  178.800   0.00000010
  179.000   0.00000010
  179.200   0.00000010
  179.400   0.00000010
  179.600   0.00000010
  179.800   0.00000010
  180.000   0.00000010
